2025/04/04-16:29:49.880556 5f60 RocksDB version: 10.1.0
2025/04/04-16:29:49.880732 5f60 Git sha 68b2d941be2d273067aeb7e14ccd090d1512c426
2025/04/04-16:29:49.880760 5f60 Compile date 2025-03-26 13:45:51
2025/04/04-16:29:49.880779 5f60 DB SUMMARY
2025/04/04-16:29:49.880797 5f60 Host name (Env):  MIDNYY
2025/04/04-16:29:49.880811 5f60 DB Session ID:  R7LKM0A41PGFRB8PGJGT
2025/04/04-16:29:49.881126 5f60 CURRENT file:  CURRENT
2025/04/04-16:29:49.881150 5f60 IDENTITY file:  IDENTITY
2025/04/04-16:29:49.881215 5f60 MANIFEST file:  MANIFEST-000005 size: 176 Bytes
2025/04/04-16:29:49.881236 5f60 SST files in user-storage\db dir, Total Num: 0, files: 
2025/04/04-16:29:49.881254 5f60 Write Ahead Log file in user-storage\db: 000004.log size: 166894 ; 
2025/04/04-16:29:49.883805 5f60                         Options.error_if_exists: 0
2025/04/04-16:29:49.883838 5f60                       Options.create_if_missing: 1
2025/04/04-16:29:49.883845 5f60                         Options.paranoid_checks: 1
2025/04/04-16:29:49.883852 5f60             Options.flush_verify_memtable_count: 1
2025/04/04-16:29:49.883858 5f60          Options.compaction_verify_record_count: 1
2025/04/04-16:29:49.883864 5f60                               Options.track_and_verify_wals_in_manifest: 0
2025/04/04-16:29:49.883870 5f60                               Options.track_and_verify_wals: 0
2025/04/04-16:29:49.883876 5f60        Options.verify_sst_unique_id_in_manifest: 1
2025/04/04-16:29:49.883882 5f60                                     Options.env: 000001D38A574180
2025/04/04-16:29:49.883889 5f60                                      Options.fs: RocksFS
2025/04/04-16:29:49.883896 5f60                                Options.info_log: 000001D38A634DC0
2025/04/04-16:29:49.883902 5f60                Options.max_file_opening_threads: 16
2025/04/04-16:29:49.883908 5f60                              Options.statistics: 0000000000000000
2025/04/04-16:29:49.883914 5f60                               Options.use_fsync: 0
2025/04/04-16:29:49.883920 5f60                       Options.max_log_file_size: 0
2025/04/04-16:29:49.883927 5f60                  Options.max_manifest_file_size: 1073741824
2025/04/04-16:29:49.883933 5f60                   Options.log_file_time_to_roll: 0
2025/04/04-16:29:49.883939 5f60                       Options.keep_log_file_num: 1000
2025/04/04-16:29:49.883946 5f60                    Options.recycle_log_file_num: 0
2025/04/04-16:29:49.883952 5f60                         Options.allow_fallocate: 1
2025/04/04-16:29:49.883957 5f60                        Options.allow_mmap_reads: 0
2025/04/04-16:29:49.883963 5f60                       Options.allow_mmap_writes: 0
2025/04/04-16:29:49.883971 5f60                        Options.use_direct_reads: 0
2025/04/04-16:29:49.883979 5f60                        Options.use_direct_io_for_flush_and_compaction: 0
2025/04/04-16:29:49.883987 5f60          Options.create_missing_column_families: 1
2025/04/04-16:29:49.883995 5f60                              Options.db_log_dir: 
2025/04/04-16:29:49.884003 5f60                                 Options.wal_dir: 
2025/04/04-16:29:49.884011 5f60                Options.table_cache_numshardbits: 6
2025/04/04-16:29:49.884020 5f60                         Options.WAL_ttl_seconds: 0
2025/04/04-16:29:49.884028 5f60                       Options.WAL_size_limit_MB: 0
2025/04/04-16:29:49.884036 5f60                        Options.max_write_batch_group_size_bytes: 1048576
2025/04/04-16:29:49.884045 5f60             Options.manifest_preallocation_size: 4194304
2025/04/04-16:29:49.884053 5f60                     Options.is_fd_close_on_exec: 1
2025/04/04-16:29:49.884060 5f60                   Options.advise_random_on_open: 1
2025/04/04-16:29:49.884068 5f60                    Options.db_write_buffer_size: 0
2025/04/04-16:29:49.884104 5f60                    Options.write_buffer_manager: 000001D38A433620
2025/04/04-16:29:49.884145 5f60                      Options.use_adaptive_mutex: 0
2025/04/04-16:29:49.884155 5f60                            Options.rate_limiter: 0000000000000000
2025/04/04-16:29:49.884164 5f60     Options.sst_file_manager.rate_bytes_per_sec: 0
2025/04/04-16:29:49.884232 5f60                       Options.wal_recovery_mode: 2
2025/04/04-16:29:49.884244 5f60                  Options.enable_thread_tracking: 0
2025/04/04-16:29:49.884250 5f60                  Options.enable_pipelined_write: 0
2025/04/04-16:29:49.884257 5f60                  Options.unordered_write: 0
2025/04/04-16:29:49.884526 5f60         Options.allow_concurrent_memtable_write: 1
2025/04/04-16:29:49.884540 5f60      Options.enable_write_thread_adaptive_yield: 1
2025/04/04-16:29:49.884577 5f60             Options.write_thread_max_yield_usec: 100
2025/04/04-16:29:49.884624 5f60            Options.write_thread_slow_yield_usec: 3
2025/04/04-16:29:49.884636 5f60                               Options.row_cache: None
2025/04/04-16:29:49.884644 5f60                              Options.wal_filter: None
2025/04/04-16:29:49.884652 5f60             Options.avoid_flush_during_recovery: 0
2025/04/04-16:29:49.884660 5f60             Options.allow_ingest_behind: 0
2025/04/04-16:29:49.884668 5f60             Options.two_write_queues: 0
2025/04/04-16:29:49.884676 5f60             Options.manual_wal_flush: 0
2025/04/04-16:29:49.884684 5f60             Options.wal_compression: 0
2025/04/04-16:29:49.884692 5f60             Options.background_close_inactive_wals: 0
2025/04/04-16:29:49.884701 5f60             Options.atomic_flush: 0
2025/04/04-16:29:49.884709 5f60             Options.avoid_unnecessary_blocking_io: 0
2025/04/04-16:29:49.884716 5f60             Options.prefix_seek_opt_in_only: 0
2025/04/04-16:29:49.884723 5f60                 Options.persist_stats_to_disk: 0
2025/04/04-16:29:49.884757 5f60                 Options.write_dbid_to_manifest: 1
2025/04/04-16:29:49.884765 5f60                 Options.write_identity_file: 1
2025/04/04-16:29:49.884773 5f60                 Options.log_readahead_size: 0
2025/04/04-16:29:49.884780 5f60                 Options.file_checksum_gen_factory: Unknown
2025/04/04-16:29:49.884788 5f60                 Options.best_efforts_recovery: 0
2025/04/04-16:29:49.884796 5f60                Options.max_bgerror_resume_count: 2147483647
2025/04/04-16:29:49.884805 5f60            Options.bgerror_resume_retry_interval: 1000000
2025/04/04-16:29:49.884813 5f60             Options.allow_data_in_errors: 0
2025/04/04-16:29:49.884821 5f60             Options.db_host_id: __hostname__
2025/04/04-16:29:49.884830 5f60             Options.enforce_single_del_contracts: true
2025/04/04-16:29:49.884839 5f60             Options.metadata_write_temperature: kUnknown
2025/04/04-16:29:49.884848 5f60             Options.wal_write_temperature: kUnknown
2025/04/04-16:29:49.884857 5f60             Options.max_background_jobs: 6
2025/04/04-16:29:49.884865 5f60             Options.max_background_compactions: -1
2025/04/04-16:29:49.884874 5f60             Options.max_subcompactions: 1
2025/04/04-16:29:49.884881 5f60             Options.avoid_flush_during_shutdown: 0
2025/04/04-16:29:49.884890 5f60           Options.writable_file_max_buffer_size: 1048576
2025/04/04-16:29:49.884898 5f60             Options.delayed_write_rate : 16777216
2025/04/04-16:29:49.884906 5f60             Options.max_total_wal_size: 0
2025/04/04-16:29:49.884915 5f60             Options.delete_obsolete_files_period_micros: 21600000000
2025/04/04-16:29:49.884923 5f60                   Options.stats_dump_period_sec: 600
2025/04/04-16:29:49.884931 5f60                 Options.stats_persist_period_sec: 600
2025/04/04-16:29:49.884939 5f60                 Options.stats_history_buffer_size: 1048576
2025/04/04-16:29:49.884947 5f60                          Options.max_open_files: -1
2025/04/04-16:29:49.884955 5f60                          Options.bytes_per_sync: 1048576
2025/04/04-16:29:49.884963 5f60                      Options.wal_bytes_per_sync: 0
2025/04/04-16:29:49.884970 5f60                   Options.strict_bytes_per_sync: 0
2025/04/04-16:29:49.884978 5f60       Options.compaction_readahead_size: 2097152
2025/04/04-16:29:49.884986 5f60                  Options.max_background_flushes: -1
2025/04/04-16:29:49.885054 5f60 Options.daily_offpeak_time_utc: 
2025/04/04-16:29:49.885067 5f60 Compression algorithms supported:
2025/04/04-16:29:49.885076 5f60 	kZSTD supported: 0
2025/04/04-16:29:49.885085 5f60 	kSnappyCompression supported: 0
2025/04/04-16:29:49.885095 5f60 	kBZip2Compression supported: 0
2025/04/04-16:29:49.885104 5f60 	kZlibCompression supported: 0
2025/04/04-16:29:49.885112 5f60 	kLZ4Compression supported: 0
2025/04/04-16:29:49.885120 5f60 	kXpressCompression supported: 0
2025/04/04-16:29:49.885127 5f60 	kLZ4HCCompression supported: 0
2025/04/04-16:29:49.885139 5f60 Fast CRC32 supported: Not supported on x86
2025/04/04-16:29:49.885147 5f60 DMutex implementation: std::mutex
2025/04/04-16:29:49.885155 5f60 Jemalloc supported: 0
2025/04/04-16:29:49.886431 5f60 [db\version_set.cc:6070] Recovering from manifest file: user-storage\db/MANIFEST-000005
2025/04/04-16:29:49.886632 5f60 [db\column_family.cc:658] --------------- Options for column family [default]:
2025/04/04-16:29:49.886646 5f60               Options.comparator: leveldb.BytewiseComparator
2025/04/04-16:29:49.886653 5f60           Options.merge_operator: None
2025/04/04-16:29:49.886662 5f60        Options.compaction_filter: None
2025/04/04-16:29:49.886670 5f60        Options.compaction_filter_factory: None
2025/04/04-16:29:49.886678 5f60  Options.sst_partitioner_factory: None
2025/04/04-16:29:49.886685 5f60         Options.memtable_factory: SkipListFactory
2025/04/04-16:29:49.886694 5f60            Options.table_factory: BlockBasedTable
2025/04/04-16:29:49.886763 5f60            table_factory options:   flush_block_policy_factory: FlushBlockBySizePolicyFactory (000001D38A5F8CB0)
  cache_index_and_filter_blocks: 1
  cache_index_and_filter_blocks_with_high_priority: 1
  pin_l0_filter_and_index_blocks_in_cache: 0
  pin_top_level_index_and_filter: 1
  index_type: 0
  data_block_index_type: 0
  index_shortening: 1
  data_block_hash_table_util_ratio: 0.750000
  checksum: 4
  no_block_cache: 0
  block_cache: 000001D38A6043C0
  block_cache_name: LRUCache
  block_cache_options:
    capacity : 33554432
    num_shard_bits : 6
    strict_capacity_limit : 0
    memory_allocator : None
    high_pri_pool_ratio: 0.500
    low_pri_pool_ratio: 0.000
  persistent_cache: 0000000000000000
  block_size: 8192
  block_size_deviation: 10
  block_restart_interval: 16
  index_block_restart_interval: 1
  metadata_block_size: 4096
  partition_filters: 0
  use_delta_encoding: 1
  filter_policy: bloomfilter
  whole_key_filtering: 1
  verify_compression: 0
  read_amp_bytes_per_bit: 0
  format_version: 6
  enable_index_compression: 1
  block_align: 0
  max_auto_readahead_size: 262144
  prepopulate_block_cache: 0
  initial_auto_readahead_size: 8192
  num_file_reads_for_auto_readahead: 2
2025/04/04-16:29:49.886770 5f60        Options.write_buffer_size: 67108864
2025/04/04-16:29:49.886778 5f60  Options.max_write_buffer_number: 2
2025/04/04-16:29:49.886785 5f60          Options.compression: NoCompression
2025/04/04-16:29:49.886792 5f60                  Options.bottommost_compression: Disabled
2025/04/04-16:29:49.886798 5f60       Options.prefix_extractor: nullptr
2025/04/04-16:29:49.886804 5f60   Options.memtable_insert_with_hint_prefix_extractor: nullptr
2025/04/04-16:29:49.886810 5f60             Options.num_levels: 7
2025/04/04-16:29:49.886816 5f60        Options.min_write_buffer_number_to_merge: 1
2025/04/04-16:29:49.886822 5f60     Options.max_write_buffer_number_to_maintain: 0
2025/04/04-16:29:49.886828 5f60     Options.max_write_buffer_size_to_maintain: 0
2025/04/04-16:29:49.886834 5f60            Options.bottommost_compression_opts.window_bits: -14
2025/04/04-16:29:49.886840 5f60                  Options.bottommost_compression_opts.level: 32767
2025/04/04-16:29:49.886847 5f60               Options.bottommost_compression_opts.strategy: 0
2025/04/04-16:29:49.886853 5f60         Options.bottommost_compression_opts.max_dict_bytes: 0
2025/04/04-16:29:49.886859 5f60         Options.bottommost_compression_opts.zstd_max_train_bytes: 0
2025/04/04-16:29:49.886865 5f60         Options.bottommost_compression_opts.parallel_threads: 1
2025/04/04-16:29:49.886929 5f60                  Options.bottommost_compression_opts.enabled: false
2025/04/04-16:29:49.886941 5f60         Options.bottommost_compression_opts.max_dict_buffer_bytes: 0
2025/04/04-16:29:49.886948 5f60         Options.bottommost_compression_opts.use_zstd_dict_trainer: true
2025/04/04-16:29:49.886954 5f60            Options.compression_opts.window_bits: -14
2025/04/04-16:29:49.886960 5f60                  Options.compression_opts.level: 32767
2025/04/04-16:29:49.886966 5f60               Options.compression_opts.strategy: 0
2025/04/04-16:29:49.886972 5f60         Options.compression_opts.max_dict_bytes: 0
2025/04/04-16:29:49.886978 5f60         Options.compression_opts.zstd_max_train_bytes: 0
2025/04/04-16:29:49.886984 5f60         Options.compression_opts.use_zstd_dict_trainer: true
2025/04/04-16:29:49.886990 5f60         Options.compression_opts.parallel_threads: 1
2025/04/04-16:29:49.886997 5f60                  Options.compression_opts.enabled: false
2025/04/04-16:29:49.887003 5f60         Options.compression_opts.max_dict_buffer_bytes: 0
2025/04/04-16:29:49.887009 5f60      Options.level0_file_num_compaction_trigger: 4
2025/04/04-16:29:49.887015 5f60          Options.level0_slowdown_writes_trigger: 20
2025/04/04-16:29:49.887021 5f60              Options.level0_stop_writes_trigger: 36
2025/04/04-16:29:49.887030 5f60                   Options.target_file_size_base: 67108864
2025/04/04-16:29:49.887036 5f60             Options.target_file_size_multiplier: 1
2025/04/04-16:29:49.887042 5f60                Options.max_bytes_for_level_base: 268435456
2025/04/04-16:29:49.887048 5f60 Options.level_compaction_dynamic_level_bytes: 1
2025/04/04-16:29:49.887054 5f60          Options.max_bytes_for_level_multiplier: 10.000000
2025/04/04-16:29:49.887064 5f60 Options.max_bytes_for_level_multiplier_addtl[0]: 1
2025/04/04-16:29:49.887070 5f60 Options.max_bytes_for_level_multiplier_addtl[1]: 1
2025/04/04-16:29:49.887076 5f60 Options.max_bytes_for_level_multiplier_addtl[2]: 1
2025/04/04-16:29:49.887083 5f60 Options.max_bytes_for_level_multiplier_addtl[3]: 1
2025/04/04-16:29:49.887089 5f60 Options.max_bytes_for_level_multiplier_addtl[4]: 1
2025/04/04-16:29:49.887095 5f60 Options.max_bytes_for_level_multiplier_addtl[5]: 1
2025/04/04-16:29:49.887101 5f60 Options.max_bytes_for_level_multiplier_addtl[6]: 1
2025/04/04-16:29:49.887110 5f60       Options.max_sequential_skip_in_iterations: 8
2025/04/04-16:29:49.887118 5f60                    Options.max_compaction_bytes: 1677721600
2025/04/04-16:29:49.887126 5f60                        Options.arena_block_size: 1048576
2025/04/04-16:29:49.887133 5f60   Options.soft_pending_compaction_bytes_limit: 68719476736
2025/04/04-16:29:49.887141 5f60   Options.hard_pending_compaction_bytes_limit: 274877906944
2025/04/04-16:29:49.887150 5f60                Options.disable_auto_compactions: 0
2025/04/04-16:29:49.887163 5f60                        Options.compaction_style: kCompactionStyleLevel
2025/04/04-16:29:49.887174 5f60                          Options.compaction_pri: kMinOverlappingRatio
2025/04/04-16:29:49.887181 5f60 Options.compaction_options_universal.size_ratio: 1
2025/04/04-16:29:49.887188 5f60 Options.compaction_options_universal.min_merge_width: 2
2025/04/04-16:29:49.887194 5f60 Options.compaction_options_universal.max_merge_width: 4294967295
2025/04/04-16:29:49.887200 5f60 Options.compaction_options_universal.max_size_amplification_percent: 200
2025/04/04-16:29:49.887206 5f60 Options.compaction_options_universal.compression_size_percent: -1
2025/04/04-16:29:49.887213 5f60 Options.compaction_options_universal.stop_style: kCompactionStopStyleTotalSize
2025/04/04-16:29:49.887219 5f60 Options.compaction_options_universal.max_read_amp: -1
2025/04/04-16:29:49.887226 5f60 Options.compaction_options_fifo.max_table_files_size: 1073741824
2025/04/04-16:29:49.887232 5f60 Options.compaction_options_fifo.allow_compaction: 0
2025/04/04-16:29:49.887332 5f60                   Options.table_properties_collectors: 
2025/04/04-16:29:49.887344 5f60                   Options.inplace_update_support: 0
2025/04/04-16:29:49.887352 5f60                 Options.inplace_update_num_locks: 10000
2025/04/04-16:29:49.887360 5f60               Options.memtable_prefix_bloom_size_ratio: 0.000000
2025/04/04-16:29:49.887367 5f60               Options.memtable_whole_key_filtering: 0
2025/04/04-16:29:49.887373 5f60   Options.memtable_huge_page_size: 0
2025/04/04-16:29:49.887379 5f60                           Options.bloom_locality: 0
2025/04/04-16:29:49.887385 5f60                    Options.max_successive_merges: 0
2025/04/04-16:29:49.887391 5f60             Options.strict_max_successive_merges: 0
2025/04/04-16:29:49.887397 5f60                Options.optimize_filters_for_hits: 0
2025/04/04-16:29:49.887403 5f60                Options.paranoid_file_checks: 0
2025/04/04-16:29:49.887409 5f60                Options.force_consistency_checks: 1
2025/04/04-16:29:49.887415 5f60                Options.report_bg_io_stats: 0
2025/04/04-16:29:49.887421 5f60                Options.disallow_memtable_writes: 0
2025/04/04-16:29:49.887427 5f60                               Options.ttl: 2592000
2025/04/04-16:29:49.887433 5f60          Options.periodic_compaction_seconds: 0
2025/04/04-16:29:49.887440 5f60                        Options.default_temperature: kUnknown
2025/04/04-16:29:49.887446 5f60  Options.preclude_last_level_data_seconds: 0
2025/04/04-16:29:49.887453 5f60    Options.preserve_internal_time_seconds: 0
2025/04/04-16:29:49.887459 5f60                       Options.enable_blob_files: false
2025/04/04-16:29:49.887466 5f60                           Options.min_blob_size: 0
2025/04/04-16:29:49.887472 5f60                          Options.blob_file_size: 0
2025/04/04-16:29:49.887478 5f60                   Options.blob_compression_type: NoCompression
2025/04/04-16:29:49.887484 5f60          Options.enable_blob_garbage_collection: true
2025/04/04-16:29:49.887491 5f60      Options.blob_garbage_collection_age_cutoff: 0.250000
2025/04/04-16:29:49.887500 5f60 Options.blob_garbage_collection_force_threshold: 1.000000
2025/04/04-16:29:49.887507 5f60          Options.blob_compaction_readahead_size: 0
2025/04/04-16:29:49.887513 5f60                Options.blob_file_starting_level: 0
2025/04/04-16:29:49.887520 5f60         Options.experimental_mempurge_threshold: 0.000000
2025/04/04-16:29:49.887526 5f60            Options.memtable_max_range_deletions: 0
2025/04/04-16:29:49.887761 5f60 [db\column_family.cc:658] --------------- Options for column family [corestore]:
2025/04/04-16:29:49.887771 5f60               Options.comparator: leveldb.BytewiseComparator
2025/04/04-16:29:49.887778 5f60           Options.merge_operator: None
2025/04/04-16:29:49.887784 5f60        Options.compaction_filter: None
2025/04/04-16:29:49.887790 5f60        Options.compaction_filter_factory: None
2025/04/04-16:29:49.887796 5f60  Options.sst_partitioner_factory: None
2025/04/04-16:29:49.887801 5f60         Options.memtable_factory: SkipListFactory
2025/04/04-16:29:49.887807 5f60            Options.table_factory: BlockBasedTable
2025/04/04-16:29:49.887841 5f60            table_factory options:   flush_block_policy_factory: FlushBlockBySizePolicyFactory (000001D38A5F8A20)
  cache_index_and_filter_blocks: 1
  cache_index_and_filter_blocks_with_high_priority: 1
  pin_l0_filter_and_index_blocks_in_cache: 0
  pin_top_level_index_and_filter: 1
  index_type: 0
  data_block_index_type: 0
  index_shortening: 1
  data_block_hash_table_util_ratio: 0.750000
  checksum: 4
  no_block_cache: 0
  block_cache: 000001D38A6044D0
  block_cache_name: LRUCache
  block_cache_options:
    capacity : 33554432
    num_shard_bits : 6
    strict_capacity_limit : 0
    memory_allocator : None
    high_pri_pool_ratio: 0.500
    low_pri_pool_ratio: 0.000
  persistent_cache: 0000000000000000
  block_size: 8192
  block_size_deviation: 10
  block_restart_interval: 16
  index_block_restart_interval: 1
  metadata_block_size: 4096
  partition_filters: 0
  use_delta_encoding: 1
  filter_policy: bloomfilter
  whole_key_filtering: 1
  verify_compression: 0
  read_amp_bytes_per_bit: 0
  format_version: 6
  enable_index_compression: 1
  block_align: 0
  max_auto_readahead_size: 262144
  prepopulate_block_cache: 0
  initial_auto_readahead_size: 8192
  num_file_reads_for_auto_readahead: 2
2025/04/04-16:29:49.887850 5f60        Options.write_buffer_size: 67108864
2025/04/04-16:29:49.887857 5f60  Options.max_write_buffer_number: 2
2025/04/04-16:29:49.887863 5f60          Options.compression: NoCompression
2025/04/04-16:29:49.887869 5f60                  Options.bottommost_compression: Disabled
2025/04/04-16:29:49.887875 5f60       Options.prefix_extractor: nullptr
2025/04/04-16:29:49.887881 5f60   Options.memtable_insert_with_hint_prefix_extractor: nullptr
2025/04/04-16:29:49.887888 5f60             Options.num_levels: 7
2025/04/04-16:29:49.887894 5f60        Options.min_write_buffer_number_to_merge: 1
2025/04/04-16:29:49.887900 5f60     Options.max_write_buffer_number_to_maintain: 0
2025/04/04-16:29:49.887906 5f60     Options.max_write_buffer_size_to_maintain: 0
2025/04/04-16:29:49.887912 5f60            Options.bottommost_compression_opts.window_bits: -14
2025/04/04-16:29:49.887918 5f60                  Options.bottommost_compression_opts.level: 32767
2025/04/04-16:29:49.887924 5f60               Options.bottommost_compression_opts.strategy: 0
2025/04/04-16:29:49.887930 5f60         Options.bottommost_compression_opts.max_dict_bytes: 0
2025/04/04-16:29:49.887936 5f60         Options.bottommost_compression_opts.zstd_max_train_bytes: 0
2025/04/04-16:29:49.887942 5f60         Options.bottommost_compression_opts.parallel_threads: 1
2025/04/04-16:29:49.887948 5f60                  Options.bottommost_compression_opts.enabled: false
2025/04/04-16:29:49.887954 5f60         Options.bottommost_compression_opts.max_dict_buffer_bytes: 0
2025/04/04-16:29:49.887960 5f60         Options.bottommost_compression_opts.use_zstd_dict_trainer: true
2025/04/04-16:29:49.887967 5f60            Options.compression_opts.window_bits: -14
2025/04/04-16:29:49.887973 5f60                  Options.compression_opts.level: 32767
2025/04/04-16:29:49.887979 5f60               Options.compression_opts.strategy: 0
2025/04/04-16:29:49.887985 5f60         Options.compression_opts.max_dict_bytes: 0
2025/04/04-16:29:49.887990 5f60         Options.compression_opts.zstd_max_train_bytes: 0
2025/04/04-16:29:49.887996 5f60         Options.compression_opts.use_zstd_dict_trainer: true
2025/04/04-16:29:49.888002 5f60         Options.compression_opts.parallel_threads: 1
2025/04/04-16:29:49.888008 5f60                  Options.compression_opts.enabled: false
2025/04/04-16:29:49.888014 5f60         Options.compression_opts.max_dict_buffer_bytes: 0
2025/04/04-16:29:49.888021 5f60      Options.level0_file_num_compaction_trigger: 4
2025/04/04-16:29:49.888026 5f60          Options.level0_slowdown_writes_trigger: 20
2025/04/04-16:29:49.888032 5f60              Options.level0_stop_writes_trigger: 36
2025/04/04-16:29:49.888039 5f60                   Options.target_file_size_base: 67108864
2025/04/04-16:29:49.888045 5f60             Options.target_file_size_multiplier: 1
2025/04/04-16:29:49.888051 5f60                Options.max_bytes_for_level_base: 268435456
2025/04/04-16:29:49.888057 5f60 Options.level_compaction_dynamic_level_bytes: 1
2025/04/04-16:29:49.888063 5f60          Options.max_bytes_for_level_multiplier: 10.000000
2025/04/04-16:29:49.888070 5f60 Options.max_bytes_for_level_multiplier_addtl[0]: 1
2025/04/04-16:29:49.888076 5f60 Options.max_bytes_for_level_multiplier_addtl[1]: 1
2025/04/04-16:29:49.888082 5f60 Options.max_bytes_for_level_multiplier_addtl[2]: 1
2025/04/04-16:29:49.888088 5f60 Options.max_bytes_for_level_multiplier_addtl[3]: 1
2025/04/04-16:29:49.888094 5f60 Options.max_bytes_for_level_multiplier_addtl[4]: 1
2025/04/04-16:29:49.888100 5f60 Options.max_bytes_for_level_multiplier_addtl[5]: 1
2025/04/04-16:29:49.888106 5f60 Options.max_bytes_for_level_multiplier_addtl[6]: 1
2025/04/04-16:29:49.888112 5f60       Options.max_sequential_skip_in_iterations: 8
2025/04/04-16:29:49.888118 5f60                    Options.max_compaction_bytes: 1677721600
2025/04/04-16:29:49.888125 5f60                        Options.arena_block_size: 1048576
2025/04/04-16:29:49.888132 5f60   Options.soft_pending_compaction_bytes_limit: 68719476736
2025/04/04-16:29:49.888138 5f60   Options.hard_pending_compaction_bytes_limit: 274877906944
2025/04/04-16:29:49.888144 5f60                Options.disable_auto_compactions: 0
2025/04/04-16:29:49.888151 5f60                        Options.compaction_style: kCompactionStyleLevel
2025/04/04-16:29:49.888157 5f60                          Options.compaction_pri: kMinOverlappingRatio
2025/04/04-16:29:49.888164 5f60 Options.compaction_options_universal.size_ratio: 1
2025/04/04-16:29:49.888170 5f60 Options.compaction_options_universal.min_merge_width: 2
2025/04/04-16:29:49.888176 5f60 Options.compaction_options_universal.max_merge_width: 4294967295
2025/04/04-16:29:49.888182 5f60 Options.compaction_options_universal.max_size_amplification_percent: 200
2025/04/04-16:29:49.888188 5f60 Options.compaction_options_universal.compression_size_percent: -1
2025/04/04-16:29:49.888194 5f60 Options.compaction_options_universal.stop_style: kCompactionStopStyleTotalSize
2025/04/04-16:29:49.888200 5f60 Options.compaction_options_universal.max_read_amp: -1
2025/04/04-16:29:49.888206 5f60 Options.compaction_options_fifo.max_table_files_size: 1073741824
2025/04/04-16:29:49.888212 5f60 Options.compaction_options_fifo.allow_compaction: 0
2025/04/04-16:29:49.888219 5f60                   Options.table_properties_collectors: 
2025/04/04-16:29:49.888225 5f60                   Options.inplace_update_support: 0
2025/04/04-16:29:49.888231 5f60                 Options.inplace_update_num_locks: 10000
2025/04/04-16:29:49.888237 5f60               Options.memtable_prefix_bloom_size_ratio: 0.000000
2025/04/04-16:29:49.888243 5f60               Options.memtable_whole_key_filtering: 0
2025/04/04-16:29:49.888249 5f60   Options.memtable_huge_page_size: 0
2025/04/04-16:29:49.888255 5f60                           Options.bloom_locality: 0
2025/04/04-16:29:49.888261 5f60                    Options.max_successive_merges: 0
2025/04/04-16:29:49.888267 5f60             Options.strict_max_successive_merges: 0
2025/04/04-16:29:49.888273 5f60                Options.optimize_filters_for_hits: 0
2025/04/04-16:29:49.888279 5f60                Options.paranoid_file_checks: 0
2025/04/04-16:29:49.888285 5f60                Options.force_consistency_checks: 1
2025/04/04-16:29:49.888291 5f60                Options.report_bg_io_stats: 0
2025/04/04-16:29:49.888297 5f60                Options.disallow_memtable_writes: 0
2025/04/04-16:29:49.888303 5f60                               Options.ttl: 2592000
2025/04/04-16:29:49.888309 5f60          Options.periodic_compaction_seconds: 0
2025/04/04-16:29:49.888315 5f60                        Options.default_temperature: kUnknown
2025/04/04-16:29:49.888321 5f60  Options.preclude_last_level_data_seconds: 0
2025/04/04-16:29:49.888327 5f60    Options.preserve_internal_time_seconds: 0
2025/04/04-16:29:49.888333 5f60                       Options.enable_blob_files: true
2025/04/04-16:29:49.888339 5f60                           Options.min_blob_size: 4096
2025/04/04-16:29:49.888345 5f60                          Options.blob_file_size: 268435456
2025/04/04-16:29:49.888350 5f60                   Options.blob_compression_type: NoCompression
2025/04/04-16:29:49.888357 5f60          Options.enable_blob_garbage_collection: true
2025/04/04-16:29:49.888362 5f60      Options.blob_garbage_collection_age_cutoff: 0.250000
2025/04/04-16:29:49.888369 5f60 Options.blob_garbage_collection_force_threshold: 1.000000
2025/04/04-16:29:49.888375 5f60          Options.blob_compaction_readahead_size: 0
2025/04/04-16:29:49.888381 5f60                Options.blob_file_starting_level: 0
2025/04/04-16:29:49.888387 5f60         Options.experimental_mempurge_threshold: 0.000000
2025/04/04-16:29:49.888393 5f60            Options.memtable_max_range_deletions: 0
2025/04/04-16:29:49.895583 5f60 [db\version_set.cc:6128] Recovered from manifest file:user-storage\db/MANIFEST-000005 succeeded,manifest_file_number is 5, next_file_number is 7, last_sequence is 0, log_number is 4,prev_log_number is 0,max_column_family is 1,min_log_number_to_keep is 0
2025/04/04-16:29:49.895613 5f60 [db\version_set.cc:6137] Column family [default] (ID 0), log number is 0
2025/04/04-16:29:49.895622 5f60 [db\version_set.cc:6137] Column family [corestore] (ID 1), log number is 4
2025/04/04-16:29:49.895886 5f60 [db\db_impl\db_impl_open.cc:692] DB ID: e6d8a878-1146-11f0-b8e3-74d4dd68a242
2025/04/04-16:29:49.896280 5f60 EVENT_LOG_v1 {"time_micros": 1743766189896245, "job": 1, "event": "recovery_started", "wal_files": [4]}
2025/04/04-16:29:49.896293 5f60 [db\db_impl\db_impl_open.cc:1361] Recovering log #4 mode 2
2025/04/04-16:29:49.897418 5f60 [db\db_impl\db_impl_open.cc:1335] Recovered to log #4 next seq #551
2025/04/04-16:29:49.900900 5f60 EVENT_LOG_v1 {"time_micros": 1743766189900882, "cf_name": "corestore", "job": 1, "event": "blob_file_creation", "file_number": 9, "total_blob_count": 6, "total_blob_bytes": 24798, "file_checksum": "", "file_checksum_func_name": "Unknown", "status": "OK"}
2025/04/04-16:29:49.900922 5f60 [db\blob\blob_file_builder.cc:354] [corestore] [JOB 1] Generated blob file #9: 6 total blobs, 24798 total bytes
2025/04/04-16:29:49.901466 5f60 EVENT_LOG_v1 {"time_micros": 1743766189901416, "cf_name": "corestore", "job": 1, "event": "table_file_creation", "file_number": 8, "file_size": 24204, "file_checksum": "", "file_checksum_func_name": "Unknown", "smallest_seqno": 4, "largest_seqno": 550, "table_properties": {"data_size": 22215, "index_size": 60, "index_partitions": 0, "top_level_index_size": 0, "index_key_is_user_key": 1, "index_value_is_delta_encoded": 1, "filter_size": 389, "raw_key_size": 4483, "raw_average_key_size": 14, "raw_value_size": 17715, "raw_average_value_size": 56, "num_data_blocks": 3, "num_entries": 316, "num_filter_entries": 299, "num_deletions": 19, "num_merge_operands": 0, "num_range_deletions": 17, "format_version": 6, "fixed_key_len": 0, "filter_policy": "bloomfilter", "column_family_name": "corestore", "column_family_id": 1, "comparator": "leveldb.BytewiseComparator", "user_defined_timestamps_persisted": 1, "key_largest_seqno": 550, "merge_operator": "nullptr", "prefix_extractor_name": "nullptr", "property_collectors": "[]", "compression": "NoCompression", "compression_options": "window_bits=-14; level=32767; strategy=0; max_dict_bytes=0; zstd_max_train_bytes=0; enabled=0; max_dict_buffer_bytes=0; use_zstd_dict_trainer=1; ", "creation_time": 1743766189, "oldest_key_time": 1743766189, "newest_key_time": 0, "file_creation_time": 0, "slow_compression_estimated_data_size": 0, "fast_compression_estimated_data_size": 0, "db_id": "e6d8a878-1146-11f0-b8e3-74d4dd68a242", "db_session_id": "R7LKM0A41PGFRB8PGJGT", "orig_file_number": 8, "seqno_to_time_mapping": "N/A"}, "oldest_blob_file_number": 9}
2025/04/04-16:29:49.902147 5f60 EVENT_LOG_v1 {"time_micros": 1743766189902137, "job": 1, "event": "recovery_finished", "status": "OK"}
2025/04/04-16:29:49.902839 5f60 [db\version_set.cc:5578] Creating manifest 11
2025/04/04-16:29:49.915984 5f60 [db\db_impl\db_impl_open.cc:2571] SstFileManager instance 000001D38A5F41D0
2025/04/04-16:29:49.916689 5f60 [file\delete_scheduler.cc:77] Deleted file user-storage\db/000004.log immediately, rate_bytes_per_sec 0, total_trash_size 0, total_size 73924, max_trash_db_ratio 0.250000
2025/04/04-16:29:49.916968 5f60 DB pointer 000001D38A60E0C0
2025/04/04-16:29:49.918015 4a50 [db\db_impl\db_impl.cc:1137] ------- DUMPING STATS -------
2025/04/04-16:29:49.918048 4a50 [db\db_impl\db_impl.cc:1138] 
** DB Stats **
Uptime(secs): 0.0 total, 0.0 interval
Cumulative writes: 0 writes, 0 keys, 0 commit groups, 0.0 writes per commit group, ingest: 0.00 GB, 0.00 MB/s
Cumulative WAL: 0 writes, 0 syncs, 0.00 writes per sync, written: 0.00 GB, 0.00 MB/s
Cumulative stall: 00:00:0.000 H:M:S, 0.0 percent
Interval writes: 0 writes, 0 keys, 0 commit groups, 0.0 writes per commit group, ingest: 0.00 MB, 0.00 MB/s
Interval WAL: 0 writes, 0 syncs, 0.00 writes per sync, written: 0.00 GB, 0.00 MB/s
Interval stall: 00:00:0.000 H:M:S, 0.0 percent
Write Stall (count): write-buffer-manager-limit-stops: 0

** Compaction Stats [default] **
Level    Files   Size     Score Read(GB)  Rn(GB) Rnp1(GB) Write(GB) Wnew(GB) Moved(GB) W-Amp Rd(MB/s) Wr(MB/s) Comp(sec) CompMergeCPU(sec) Comp(cnt) Avg(sec) KeyIn KeyDrop Rblob(GB) Wblob(GB)
------------------------------------------------------------------------------------------------------------------------------------------------------------------------------------------------
 Sum      0/0    0.00 KB   0.0      0.0     0.0      0.0       0.0      0.0       0.0   0.0      0.0      0.0      0.00              0.00         0    0.000       0      0       0.0       0.0
 Int      0/0    0.00 KB   0.0      0.0     0.0      0.0       0.0      0.0       0.0   0.0      0.0      0.0      0.00              0.00         0    0.000       0      0       0.0       0.0

** Compaction Stats [default] **
Priority    Files   Size     Score Read(GB)  Rn(GB) Rnp1(GB) Write(GB) Wnew(GB) Moved(GB) W-Amp Rd(MB/s) Wr(MB/s) Comp(sec) CompMergeCPU(sec) Comp(cnt) Avg(sec) KeyIn KeyDrop Rblob(GB) Wblob(GB)
---------------------------------------------------------------------------------------------------------------------------------------------------------------------------------------------------

Blob file count: 0, total size: 0.0 GB, garbage size: 0.0 GB, space amp: 0.0

Uptime(secs): 0.0 total, 0.0 interval
Flush(GB): cumulative 0.000, interval 0.000
AddFile(GB): cumulative 0.000, interval 0.000
AddFile(Total Files): cumulative 0, interval 0
AddFile(L0 Files): cumulative 0, interval 0
AddFile(Keys): cumulative 0, interval 0
Cumulative compaction: 0.00 GB write, 0.00 MB/s write, 0.00 GB read, 0.00 MB/s read, 0.0 seconds
Interval compaction: 0.00 GB write, 0.00 MB/s write, 0.00 GB read, 0.00 MB/s read, 0.0 seconds
Estimated pending compaction bytes: 0
Write Stall (count): cf-l0-file-count-limit-delays-with-ongoing-compaction: 0, cf-l0-file-count-limit-stops-with-ongoing-compaction: 0, l0-file-count-limit-delays: 0, l0-file-count-limit-stops: 0, memtable-limit-delays: 0, memtable-limit-stops: 0, pending-compaction-bytes-delays: 0, pending-compaction-bytes-stops: 0, total-delays: 0, total-stops: 0
Block cache LRUCache@000001D38A6043C0#12740 capacity: 32.00 MB seed: 1319468411 usage: 0.08 KB table_size: 1024 occupancy: 1 collections: 1 last_copies: 0 last_secs: 8e-05 secs_since: 0
Block cache entry stats(count,size,portion): Misc(1,0.00 KB,0%)

** File Read Latency Histogram By Level [default] **

** Compaction Stats [corestore] **
Level    Files   Size     Score Read(GB)  Rn(GB) Rnp1(GB) Write(GB) Wnew(GB) Moved(GB) W-Amp Rd(MB/s) Wr(MB/s) Comp(sec) CompMergeCPU(sec) Comp(cnt) Avg(sec) KeyIn KeyDrop Rblob(GB) Wblob(GB)
------------------------------------------------------------------------------------------------------------------------------------------------------------------------------------------------
  L0      1/0   23.64 KB   0.2      0.0     0.0      0.0       0.0      0.0       0.0   1.0      0.0     11.8      0.00              0.00         1    0.004       0      0       0.0       0.0
 Sum      1/0   23.64 KB   0.0      0.0     0.0      0.0       0.0      0.0       0.0   1.0      0.0     11.8      0.00              0.00         1    0.004       0      0       0.0       0.0
 Int      0/0    0.00 KB   0.0      0.0     0.0      0.0       0.0      0.0       0.0   1.0      0.0     11.8      0.00              0.00         1    0.004       0      0       0.0       0.0

** Compaction Stats [corestore] **
Priority    Files   Size     Score Read(GB)  Rn(GB) Rnp1(GB) Write(GB) Wnew(GB) Moved(GB) W-Amp Rd(MB/s) Wr(MB/s) Comp(sec) CompMergeCPU(sec) Comp(cnt) Avg(sec) KeyIn KeyDrop Rblob(GB) Wblob(GB)
---------------------------------------------------------------------------------------------------------------------------------------------------------------------------------------------------
User      0/0    0.00 KB   0.0      0.0     0.0      0.0       0.0      0.0       0.0   0.0      0.0     11.8      0.00              0.00         1    0.004       0      0       0.0       0.0

Blob file count: 1, total size: 0.0 GB, garbage size: 0.0 GB, space amp: 1.0

Uptime(secs): 0.0 total, 0.0 interval
Flush(GB): cumulative 0.000, interval 0.000
AddFile(GB): cumulative 0.000, interval 0.000
AddFile(Total Files): cumulative 0, interval 0
AddFile(L0 Files): cumulative 0, interval 0
AddFile(Keys): cumulative 0, interval 0
Cumulative compaction: 0.00 GB write, 1.55 MB/s write, 0.00 GB read, 0.00 MB/s read, 0.0 seconds
Interval compaction: 0.00 GB write, 1.55 MB/s write, 0.00 GB read, 0.00 MB/s read, 0.0 seconds
Estimated pending compaction bytes: 0
Write Stall (count): cf-l0-file-count-limit-delays-with-ongoing-compaction: 0, cf-l0-file-count-limit-stops-with-ongoing-compaction: 0, l0-file-count-limit-delays: 0, l0-file-count-limit-stops: 0, memtable-limit-delays: 0, memtable-limit-stops: 0, pending-compaction-bytes-delays: 0, pending-compaction-bytes-stops: 0, total-delays: 0, total-stops: 0
Block cache LRUCache@000001D38A6044D0#12740 capacity: 32.00 MB seed: 1319468411 usage: 1.36 KB table_size: 1024 occupancy: 4 collections: 1 last_copies: 0 last_secs: 6.3e-05 secs_since: 0
Block cache entry stats(count,size,portion): DataBlock(1,0.47 KB,0.00143945%) FilterBlock(1,0.41 KB,0.00125468%) IndexBlock(1,0.14 KB,0.000426173%) Misc(1,0.00 KB,0%)

** File Read Latency Histogram By Level [corestore] **
2025/04/04-16:29:49.960409 5498 [db\compaction\compaction_job.cc:2211] [corestore] [JOB 3] Compacting 1@0 files to L0, score 0.25
2025/04/04-16:29:49.960461 5498 [db\compaction\compaction_job.cc:2215] [corestore]: Compaction start summary: Base version 5 Base level 0, inputs: [8(23KB)]
2025/04/04-16:29:49.960506 5498 EVENT_LOG_v1 {"time_micros": 1743766189960480, "job": 3, "event": "compaction_started", "compaction_reason": "BottommostFiles", "files_L0": [8], "score": 0.25, "input_data_size": 24204, "oldest_snapshot_seqno": 552}
2025/04/04-16:29:49.963046 5498 [db\compaction\compaction_job.cc:1757] [corestore] [JOB 3] Generated table #14: 297 keys, 23768 bytes, temperature: kUnknown
